key_id,word
,산
